15465
15555
133817
15935
15611
15414
16521
16040
15630
13719
10033
15710
16243
10668
16526
16057
16325
16412
133202
16349
16082
15378
15449
15527
16152
15882
16265
15552
15475
15761
16187
15532
15530
15525
15547
15489
15422
15940
15515
16474
16189
16094
15639
15557
15999
15531
16302
16503
15927
16469
12071
15435
15468
16427
15681
15522
15936
16254
16497
16301
16001
15901
15769
15891
15713
1604
15371
15817
15652
16393
16113
15637
11563
15524
15638
1130536
16496
15753
15372
16320
15544
133667
15858
15626
16290
16174
13170
16485
15741
15354
15986
16068
16108
13166
15919
16330
15477
16494
15551
15641
133015
16264
15750
16196
15765
15635
16507
11230
15647
15793
15956
15553
15621
16335
15812
15811
15632
16240
16136
15343
15375
14649
16169
13115
15763
1294
15537
16134
15650
15694
16227
15721
16336
16516
16422
15756
15440
16192
16247
15442
16424
15905
15550
15651
15495
1500819
16214
10723
1582
15768
16223
132873
16311
104011
15698
15558
16144
15491
15345
16047
10036
15441
14597
15430
15554
16226
15478
15570
1301
16155
15859
15494
15346
15539
151
16450
16296
16199
10983
15786
16345
15904
15467
15843
15844
13705
15466
16466
15479
16038
16077
16337
15996
15456
16244
16235
15366
16005
16238
16518
16283
15842
16359
15625
16395
15633
16091
16285
15682
15476
15344
15727
15519
15982
15380
15533
16504
15918
15967
16523
16066
15946
15355
16256
12387
138498
15517
16410
16039
16067
16344
15745
16500
15809
15559
15873
15724
15784
16000
15487
15646
16284
15883
15978
15486
16095
16027
14949
16236
16197
15374
15627
15824
15453
15854
10093
15471
11805
16436
16525
16132
16480
10545
134117
15488
15437
15266
15538
15521
15746
15820
16110
16304
15351
10049
15857
16322
16125
15508
16356
114785
15439
15899
16382
15760
15534
16225
15367
15473
133203
15541
15729
15846
15725
15628
15960
15379
15748
15377
15514
16086
