16891
17151
16496
37642
63728
5292
16927
30763
50042
9008
9532
18315
27458
27428
73226
64183
63993
16814
34490
18368
15784
23359
71953
17931
15537
16704
15842
18392
17526
5547
17168
15478
53106
133202
16870
17698
6532
17980
63990
65129
16169
16708
16905
28037
17361
29154
15476
91279
28843
27398
58315
17389
64654
28528
16236
16938
33737
16038
8337
15465
17808
26523
18089
15547
28241
15967
60102
17189
49203
48107
73316
17154
15453
64181
36141
18274
49031
18406
60125
75571
15753
49537
39567
75130
34144
9096
38574
28099
77480
16113
16584
12387
13170
61232
32639
8428
59089
74478
33184
27983
16752
29025
63803
42548
16723
37643
57844
16125
27814
34159
49668
52449
84301
17972
28815
57762
63829
16108
15521
43580
16494
61360
25941
15904
76072
16238
78584
63850
17436
51013
63904
7772
15475
133667
15435
29866
151
62113
16474
16842
16724
16302
2288
29171
29175
50570
59888
17179
30744
50091
16897
27958
64182
15531
18372
27379
29166
16436
63821
30746
16005
1500819
29126
196991
35424
33722
27668
64294
63839
28450
18364
37554
63512
57930
24480
18169
77008
16695
17650
17399
75562
78585
52328
12071
63503
17423
18021
2453
29052
28624
27648
17120
64174
63977
1582
10093
27820
34778
52603
15530
18261
16197
18153
26833
63981
33384
18020
17012
16753
18407
73236
1670
57967
17636
77364
52975
36080
29888
15633
15519
50828
57305
30882
15371
63834
58769
16973
15553
18413
47266
59088
17245
17515
16500
28866
17544
17126
15477
16709
28862
34130
48416
85781
29103
63590
2622
65139
91124
28837
32796
17804
65135
30915
63805
16886
57533
6801
63579
17585
34477
16750
63831
32797
16595
15414
18335
32587
81621
29191
62637
15919
36916
65137
17347
28325
48950
29168
16944
17625
17710
15745
63811
63983
34146
52966
18137
16410
36062
15551
16424
5615
17821
53022
19324
74900
17835
88130
15355
85867
63980
63873
15495
27847
29132
16320
63450
28869
17118
27923
17790
16227
28822
16975
63817
64299
28895
84646
2825
15621
18327
25372
16235
65049
64046
63874
18077
28602
85263
17748
27283
15344
15936
38635
63974
15721
17364
83727
61088
13705
15940
16668
27852
81626
27459
62928
17033
15375
36700
78273
18297
46828
7896
15266
42589
17810
594834
28875
61248
18408
29128
78583
16768
22221
28806
15527
41001
1294
91125
28728
78580
84296
17200
17728
16953
38927
28940
132873
17697
78587
63802
48333
34310
16325
46020
15905
17709
17962
45021
14949
15978
69236
78579
18385
91280
48834
17899
29101
71954
30614
62579
63666
63220
15630
17864
63689
84344
28533
42820
60453
18402
15343
15681
16526
2700
17509
29044
17239
26125
27997
4047
73232
37739
16290
17408
29162
63999
58548
25676
15858
63807
28935
63223
17568
17742
27372
35828
59520
81392
85986
75133
16862
65101
76794
63513
2639
51050
27823
86335
49883
10545
28667
428891
18036
17925
133015
53486
15746
32816
27432
83690
17105
35854
28164
28750
18035
90174
77363
40538
78578
9162
46896
62634
49603
16830
16919
26753
4026
30817
26355
47823
28808
29182
18183
15628
73204
49108
15515
21363
53059
4470
17148
421843
18059
15647
16991
30753
17596
62926
63815
3699
27565
16797
27385
50774
64689
73542
28115
17984
16504
46661
82852
28010
35896
63868
36190
16530
17141
53170
87752
16040
17015
63986
456216
29172
86351
65119
16110
28997
28790
17326
17122
52075
28748
71956
63989
59554
16359
16284
17310
34145
36144
16645
30164
28936
15611
65136
27402
18344
58527
49552
62919
18381
85309
87179
1301
6499
64048
18348
15956
18225
29036
60175
73687
74493
63516
63828
87176
60473
17242
73235
63911
53742
17319
28009
18390
601027
8107
84298
17552
52639
11805
17158
16507
50157
28593
27754
18252
63912
3638
17140
16086
15422
24479
28494
16395
63539
73239
28509
45360
91284
58758
8206
82624
17476
15641
16068
15346
17460
63453
60240
71466
59092
16485
21615
17802
17431
27466
2366
15812
16858
29129
35431
28158
29153
71957
16914
64656
16670
15760
48778
17665
29186
87167
59085
63844
16199
63544
17401
15533
7125
63836
15471
16521
47828
17775
16057
17759
25667
63995
15843
16836
17439
15377
64315
17823
17169
27760
66901
17405
15554
28255
27551
29176
85945
16525
16337
17311
37531
16635
34665
29117
85262
27647
16336
59091
83071
73231
63505
63543
58533
40574
78586
32551
29181
63966
18272
17883
53487
8228
29161
78277
15710
37623
28726
50122
28002
29160
28070
64685
16247
74477
27561
60430
15729
18105
26034
63910
16580
15809
45863
74481
11230
62885
18276
16523
46761
15846
16955
16633
28879
16256
17677
63540
59084
7794
17992
17909
62924
29009
60628
17482
28125
17712
29138
18116
63800
16082
421707
16962
15379
48923
15882
71958
29119
30751
27485
55458
32682
28823
1864
33575
74420
55478
53107
46322
18009
63835
15899
28865
86476
17359
31882
816009
68524
28189
17917
29089
18295
64180
16450
58095
9407
17263
8692
29985
9160
28387
28846
36706
29264
28807
37640
63848
28497
29115
34496
90799
16480
62856
70712
18420
18212
30769
15449
29805
33739
50583
17256
30616
17490
17066
31488
28259
52050
47977
47037
16863
63833
48621
86361
16240
18139
27747
15541
60039
57912
9254
17825
47013
28324
64729
63637
16296
16244
35179
17170
46640
55424
17268
17363
63809
16066
59414
27510
52572
73237
60192
47923
28481
17976
168396
64153
41879
36704
17284
16624
58828
24103
24505
17813
30772
63548
63853
59496
18145
58045
70761
59228
17411
15486
62922
27905
15557
28918
74890
27613
62918
18305
29170
28706
114785
17285
7207
29169
78581
28130
28607
15372
3193
16311
74480
16226
15632
34306
27732
30768
18367
37550
30933
566274
63861
29184
15514
8005
27468
58795
17713
27555
17724
51341
86336
28938
17843
42976
74483
15854
47983
63541
58168
17312
17553
27881
42782
57427
28119
28701
15824
18216
63804
64681
35366
37646
58048
48825
65088
15380
24499
18431
16978
52977
32643
32701
15999
16285
17009
528825
60629
16265
71955
61048
27537
16893
62927
65314
29147
61168
52289
30725
34154
46631
62845
64039
443041
17278
65329
63825
17252
60872
53019
73979
16796
16541
64136
17433
15996
16254
15627
65324
17533
16783
27868
16566
53100
30831
28803
3210
7939
24402
17306
15927
63994
18405
36274
34560
18349
29145
14597
28477
74491
85944
27999
17927
40196
17594
15859
15552
17622
67132
3768
35420
75048
15857
52450
17621
28061
29035
84343
51985
16039
15935
9534
19569
28654
15637
50775
15354
35425
73228
49040
30021
17794
6030
26948
15367
16382
19138
87171
73543
15430
15466
28912
16393
63837
17865
28209
29155
10049
29152
65326
63515
32663
28694
16094
48765
40356
15901
27721
2485
65130
15883
18421
42977
71063
15440
28716
35374
16680
26634
48926
17606
29157
65134
18085
65408
63517
15351
31941
104011
3435
2504
33697
47499
18397
35422
16881
15378
15538
15374
18313
15534
16608
33101
57737
2003
64043
15817
18323
17877
37671
20067
35419
59235
34718
29140
3941
15625
61011
2274
52386
16304
641
63830
67208
30212
28867
37393
3410
64085
33738
65132
29073
15638
59081
63984
10668
15508
16223
15982
30797
37397
4786
18005
16827
90295
27470
63845
15768
63818
29034
21347
71553
17421
50648
17750
16067
32636
58444
8050
45373
59524
77062
2208
15761
74513
27404
29180
17172
17933
17855
17517
17500
16322
18914
60431
60615
18228
53014
16427
60815
36005
29167
17898
29133
21507
86362
70963
73602
16335
27438
15532
16192
64483
34674
18377
63797
17380
48861
17826
60479
17369
32635
60366
15725
57560
15522
16851
15748
43755
60627
28973
63856
38573
28542
86019
53490
60943
16958
35032
73550
17797
63449
545111
26558
32325
133203
17936
15489
16742
28847
62384
17025
17687
16189
25682
18396
64052
16356
28666
86988
17549
18307
62643
30322
16556
59637
29164
27700
16214
63991
15456
77635
17368
17345
63970
77268
4551
27870
32513
46245
20794
17442
30813
16132
17688
75129
17287
18318
36313
17616
17973
27391
18034
70760
15517
60625
16618
57972
15646
63808
59271
35421
10036
71952
6498
17051
25696
15713
16577
87177
90171
24654
8927
63905
53108
18148
49960
74275
33447
16516
63795
50998
59082
52575
18384
27595
17672
17283
16761
34660
21891
85880
91281
29108
15652
270995
57655
13115
15891
30089
76279
18132
15793
73603
55528
18243
1784
556867
17816
53153
63860
15639
15550
62878
43451
53020
50673
63849
16990
17381
62746
15698
16503
29185
17579
30762
35746
16737
9100
15650
63824
27638
17002
63992
50114
87170
27692
18915
63511
59080
16152
2505
65310
76792
16802
16497
49713
27562
15558
27812
17029
2290
18075
15741
15960
31998
15651
28493
63806
58961
61400
18290
28911
65131
1604
16027
17202
59087
60651
53058
28868
63859
16136
46195
27505
74445
29120
71580
62931
63914
15345
50746
28276
62985
27931
29146
53056
63810
17703
1130536
29750
21547
28442
78679
16728
91144
30805
17378
18366
73544
17815
16852
37154
74495
17862
16995
4610
28766
17737
31697
16412
2181
16518
33699
64172
16095
29163
17230
61626
41423
17858
59513
61399
29179
17884
63851
87180
28424
29017
17627
716367
18066
61560
65345
71464
63452
34450
18319
85299
27889
134117
15544
63448
17211
16330
50824
60156
65138
16344
29127
84373
25858
17562
15473
57926
15439
16422
20680
16929
62884
28689
28850
15765
10983
21437
25650
17960
36264
7916
18012
63211
18240
27403
35475
15442
16243
53488
62747
9066
63519
17504
91283
16091
18248
65133
15750
24636
84648
10723
28102
18259
64567
49189
52392
58359
64116
63840
53030
73224
63975
27393
36319
37946
50593
25935
28858
63985
16047
64192
29156
42504
57627
16946
3445
15570
2877
5674
14649
64009
48775
16225
37396
8082
43263
16469
422
44074
63846
17924
63969
41218
70762
63546
17082
78576
15366
60637
78582
63208
15946
16960
53152
28057
11563
78030
3944
30879
16077
15786
44605
41321
64084
85939
30913
29173
17806
18090
26667
29174
78619
29183
15479
27584
34055
63645
81394
70713
35430
75627
75127
16155
29158
64972
28794
63907
32812
15756
32386
31932
76931
60913
15694
63841
53023
133817
62923
63982
43474
15494
15441
63979
27540
28273
41609
50277
15468
18341
63545
17950
17197
32544
59869
18278
28834
18332
32398
17407
17044
63838
15488
52571
87172
17013
59093
18170
16001
33019
50571
4828
31011
63842
17985
17659
30563
18303
15487
4178
30216
27384
29105
28632
28413
16196
17754
52974
62833
17814
29991
16144
28264
4170
18357
15524
74452
28648
47781
34479
52592
63843
4208
17111
61390
34784
35432
60640
17388
15727
26078
16810
34157
35143
16732
16301
59648
75584
17998
4705
16349
15525
61910
70964
85505
46899
16856
28229
53460
63976
77058
46961
15437
15682
49032
17026
28047
37098
74851
50776
17489
73222
29178
76793
37240
63998
15820
17761
58450
18097
27910
41774
16581
90152
64112
64189
27979
28640
16610
17868
16551
35703
2853
28540
24275
15811
77010
72790
32111
32649
18304
17732
58698
15873
351346
37054
15555
15626
28874
16755
4866
16345
78577
63852
16908
16264
13719
15635
73747
17600
17336
17996
15763
71980
16466
3380
29159
16174
87178
29177
77012
9171
36219
81559
16283
63542
18191
34151
74882
37248
15769
16749
17351
28914
28364
16000
15491
15844
77028
28661
61907
13166
63799
29265
17474
91282
62772
225238
16134
74418
15986
63451
74443
15467
64024
17232
35235
28881
15539
52255
28279
83782
15918
16716
16187
28774
52288
16650
15724
36773
15559
36314
17780
