5739
4636
64981
50509
2170
9462
10746
8317
695
138802
9525
5799
345611
6550
23327
55585
51023
3696
759
102723532
9064
5928
5362
10663
219958
26476
390077
8565
5336
586
5337
2775
7297
1973
9700
57704
1642
51116
5564
3549
3654
23594
10940
610
8202
1763
407017
5957
338376
442117
841
168391
5296
3249
9456
587
387332
124583
775
7337
26689
4709
1460
7010
23645
284532
1346
8309
9437
8550
85409
103
7994
54938
9653
9699
54107
124975
5435
64106
492
2180
6737
3352
55844
5413
9569
254531
50855
6996
55304
725
4172
51264
112399
229
7306
9886
3784
253725
55540
2313
29071
27165
3486
1591
3553
22888
4359
10768
3211
6119
55240
1676
4087
81469
554313
100169759
2767
55802
8506
112714
652
55274
28998
131870
5319
253558
259307
1259
3119
9021
94239
3053
6231
1910
390882
915
10975
314
6906
8013
131669
138883
212
4487
10445
2747
374378
51071
7507
1161
23428
6584
353091
2645
256148
7042
7185
8394
128866
4157
10769
2894
3360
4507
629
3777
5241
51380
5146
255725
3175
27289
6373
9976
441608
51107
51330
51455
2177
238
7498
54766
3781
3604
406947
644150
9210
155066
85301
54795
27006
440068
598
4595
64772
10111
406992
504191
222
57530
54205
3931
8662
1443
7222
55520
10818
79644
3398
2532
2934
10248
10294
10402
79658
6129
407034
3837
51343
476
64411
2188
8669
11197
27235
9230
139596
57406
950
100169756
1258
3155
1392
127385
1164
1525
574493
1376
7006
1573
64968
6900
26270
83990
178
23410
23463
81
51706
2006
839
8200
5933
65985
397
9146
5136
22802
113235
442909
91
10056
56288
6223
5360
4991
55349
6608
7529
2524
10840
3032
9516
2628
7169
2768
25996
55589
2118
814
5393
2687
2796
9394
55114
1288
8564
8869
10525
2584
9902
5743
1285
401494
4215
8175
91782
3695
2834
623
56034
3326
1431
407021
3207
341947
1455
472
116986
1937
883
8516
7428
4175
4499
11112
92815
1828
51096
3875
23460
8346
51095
2787
406977
10672
283459
22803
81127
100169766
58538
387680
1768
3858
2521
23516
51806
6495
26091
8973
1638
7786
858
2258
6261
1179
94026
8772
84333
10482
55081
391190
8321
25833
3911
10800
390079
55770
10254
6556
3479
5576
407019
27339
54578
962
80145
51305
6785
5832
3106
102723849
1050
5522
7296
391195
29074
1788
10344
9114
4705
10842
23417
1586
100500809
167227
5079
6662
9542
84892
10455
10381
219
54437
55012
84759
3915
11025
22875
10452
1327
100288562
5147
340980
125981
8590
4694
968
3108
8637
4248
30849
6122
666
84634
6505
6217
26664
6543
818
7448
339745
8605
10767
83439
43
9623
4833
56623
10154
119694
9248
27089
2776
782
2352
404672
406951
3146
23049
4314
2936
54331
79158
84220
2587
10349
79796
8493
117283
5783
9610
3297
728343
7252
7004
231
5104
677
6881
2562
57863
8438
5959
9045
8189
3117
10008
51208
8398
2317
338675
10683
129807
55506
10164
1855
10113
26658
9378
1849
2235
139341
5264
219493
2956
406952
390151
9956
6675
89
79717
793
8534
6564
8897
146
4760
148327
4190
27341
10585
57103
5507
84612
10642
101060521
117145
10724
391114
9367
2208
23275
635
2328
341418
26253
7189
2073
6332
6883
23583
8802
972
3761
3127
5429
1188
1584
53343
1200
79184
51109
26687
4566
51540
83998
27
4200
487
1471
11006
11211
6585
653689
3040
5347
5192
25
21
6614
4790
283208
55741
26539
8717
60559
3052
5407
29102
2692
3914
2977
8936
11024
5721
11044
5595
4511
23649
143686
8906
10060
64135
9775
5887
343171
51426
5597
6278
390072
729
150681
8355
4729
9019
4574
7805
6123
593
2187
2535
100302282
2995
375189
8777
26291
4556
10629
121129
10886
1235
729759
10097
196743
10914
7472
388585
10451
678
3976
83551
1287
9972
6309
442918
9249
1440
8366
6137
27330
2673
7376
100526794
10801
26528
79792
650
55193
4509
6324
9493
408
10241
9652
2138
259291
2107
727897
10370
10095
56904
8536
4939
4589
85365
4481
57494
5971
4620
7386
390265
1743
9789
7299
219477
28996
3897
11311
64221
120892
9716
916
8784
2900
2876
3643
407006
11340
55718
51764
127602
6923
80347
643802
7156
2570
392255
26494
406886
5602
1981
6037
65108
219417
30834
64121
57600
3569
5578
117581
5588
11171
6773
2222
2556
128367
1656
9001
3566
8864
7098
64421
112398
8148
6391
81168
8704
5585
91442
1290
965
7125
116983
1551
9757
51805
10568
9245
51447
1045
7161
9314
79623
2931
2323
1789
10890
55052
10291
8676
140735
1643
5394
26493
219931
106821730
6257
10908
291
9187
133522
8332
9997
5032
10458
58477
5646
3320
100137049
84812
120066
3640
4513
79718
394
6204
5255
8968
10025
120787
8891
3480
84701
66008
2176
26707
23595
221037
56548
8822
6444
1054
1974
4913
835
768239
2878
5594
1135
6499
258010
9934
79902
8336
3346
5742
8898
5587
406922
1647
10667
83988
3206
100287171
11253
5986
1960
3682
9734
5366
57369
219968
4995
10268
4301
7263
29956
9568
2805
27288
6647
22894
3615
54788
8344
1537
6366
144983
7364
1386
8732
2001
51301
6307
11001
8694
219437
1326
81285
166336
1734
80835
115362
1133
25902
401667
80235
799
5295
653247
8329
5471
112483
5283
57223
59285
10235
8228
83594
56259
3662
6434
1646
440503
54600
56171
4704
3294
3806
284217
3708
351
5733
7482
1545
771
1943
3590
54207
7709
4568
8563
1890
10971
9350
51360
7329
5892
56896
8821
9631
1308
920
4771
7358
51166
1456
27248
58985
8352
2632
5709
9887
115727
4685
9435
4915
3059
6351
392138
341152
166012
9482
7248
11267
55750
90550
5888
9322
55120
8368
5427
411
26531
2661
286
259287
5238
50833
8994
64098
28
5553
57505
51513
337876
3667
5998
6400
2677
5810
286151
2710
4052
6146
4669
8364
1508
10133
7531
2250
8074
3034
285242
26529
8943
9550
8555
8630
51068
1160
10253
1674
266722
286365
6751
57180
121130
4145
57818
4291
10628
79465
9181
127062
207
6528
147746
4224
100533467
722
84126
1967
35
2693
278
51762
5346
275
22914
9843
7305
10331
1728
9632
5130
64080
55183
153129
407053
545
6616
134430
80834
971
8795
5331
29880
81392
57468
8370
27343
84667
6874
10390
285203
23207
641
23198
5031
80228
64399
5152
480
23035
5518
201163
54576
5498
3176
23517
2831
113130
7704
10436
80335
2712
7366
81490
8348
440279
3570
406915
3449
4555
23643
3310
10193
220
6370
285973
2982
55862
6812
4040
2247
126014
2069
6171
246175
6041
6932
100289462
22938
204219
983
59082
23450
4668
6714
727
3815
1364
91543
5294
64928
3361
6999
79339
9354
384
407011
26060
3812
27257
93183
4837
55711
387787
4880
9969
574411
26219
55706
7518
9741
26686
80700
127077
79823
57455
23765
1854
1958
5293
57689
101929627
728
5476
1783
442361
9711
55738
406926
5718
4626
31
122748
10350
685
554213
3565
483
2523
4967
4267
1277
8379
973
10825
162466
390154
23621
3443
5611
54898
23382
2785
7187
26524
406895
3384
4316
406995
186
4952
22977
26339
7050
3028
57697
56919
4801
1650
4998
7832
7475
55957
8395
6166
3985
4306
283160
3948
390148
29920
824
7841
8367
80025
26735
8528
6865
22876
1373
23381
59341
3552
26740
138805
55503
51465
51503
6716
10465
5826
8681
84823
7538
54431
60673
5526
55627
4633
1659
9635
6747
55967
6196
57187
5917
4728
2309
2185
1294
3055
2993
391211
7220
3112
5720
55968
50846
100169760
118788
50674
7086
1030
84649
5860
6602
9545
11213
54518
8452
9677
933
675
434
5154
958
51079
3665
85464
390437
727851
1845
9200
388333
5726
432
57101
4830
22905
574467
694
255626
10084
3934
346606
91373
1871
3955
4942
442898
5439
406984
7070
5878
4591
55173
608
8424
56603
403257
377677
81797
126969
22829
3454
6368
5593
8724
27232
79139
63970
84335
406902
2132
478
5414
57826
2618
7003
5168
3633
5540
7535
2885
122742
4999
8243
1730
97
112
5000
123
10242
6634
2074
158067
51028
166929
353514
5830
3991
8831
197257
4928
5700
123720
200186
1442
102724594
26154
1022
2175
760
975
10156
774
6776
23176
107181291
6775
5915
56052
1644
56985
56901
5481
10960
119749
10335
269
9331
29089
1992
56655
27294
6194
10014
10523
2207
128869
4725
9469
7132
22800
1677
6300
4312
1892
5158
2100
2814
5071
3065
4208
81608
5208
3576
1491
3636
3769
7068
5719
2914
399
3717
6498
4794
4519
2762
653489
407030
526
6519
6096
9965
27231
52
317
4744
26246
7525
1562
6280
79993
10542
91181
5903
90809
4599
18
23162
1655
250
84647
6430
56895
440275
5589
2589
1719
27349
5322
4116
3357
7494
3760
11338
406954
9559
353497
88
3766
407033
5509
2558
2119
9790
111
6472
6857
83443
5232
9945
406935
3363
23545
4539
11151
4634
55294
10814
11201
2251
9755
11036
4508
4050
7484
108
3190
875
1850
3293
9440
10327
2568
80308
9388
9179
1280
8029
144124
3692
4055
3626
2081
1983
285659
54714
25945
6128
51421
53919
2071
89849
83593
10713
25970
9138
283297
11149
10632
130013
92579
30833
5605
4849
2350
23708
51729
5260
2734
27258
252969
5701
5608
55699
2967
10617
781
518
56616
6878
5525
7293
57733
100169764
1432
5801
6489
10544
2874
11186
9953
138050
8087
3586
10401
2178
1143
23404
9365
25780
1302
662
6238
56916
11343
2625
27131
4803
25828
2798
767
3561
10892
5087
2157
9818
4249
51292
5583
6330
7942
221264
27301
3251
967
10910
84135
51111
81839
389090
6770
23002
59272
406943
486
55423
27304
7018
496
57026
11097
4093
55799
64744
7325
6548
9215
9261
1497
3690
1131
4660
5532
64425
55300
7078
55593
262
4205
2670
6142
54434
9770
1577
23114
10652
1305
1917
85407
4886
9451
9817
10488
8720
1363
282775
6778
9513
6631
514
5030
204
196294
54541
7122
7850
4207
4619
811
3081
729857
53342
26999
5664
56893
11073
2146
3631
150
93661
5348
3575
9727
2561
1056
4331
4850
960
3818
64781
1902
3283
23016
8853
3681
2572
56649
3762
3456
51099
29889
3556
1558
9724
119695
158835
713
26471
366
55502
8434
378884
2218
406888
51084
51128
10073
7040
390261
53632
7108
6688
2555
391194
410
51172
51209
341799
100526842
221830
143187
8365
10607
9583
10203
390243
3791
27071
241
9869
9500
2864
4524
5438
8326
3236
3440
3916
89780
9942
9311
6607
255189
8396
4153
4638
4548
54659
115024
441531
3192
84532
406978
2788
6672
2917
60496
5523
761
3589
3707
3101
442902
140
9227
846
26063
51606
189
2812
6427
5289
59340
5714
79728
2901
5495
1815
2326
80055
729359
58513
79023
2356
1408
389434
1812
10058
2206
8809
9776
374
54928
2730
5571
1230
84572
886
124540
5580
317749
5707
23705
6331
537
8665
442900
23538
6571
27445
9351
5586
6161
9073
4001
5550
23171
3978
1848
8763
81029
8566
3161
391196
134860
6555
10499
1793
4726
55233
951
10733
3455
11184
407036
10956
59350
8106
26289
5984
3554
84952
6659
714
7095
5149
5819
5902
5581
80201
3768
55869
24
7038
9131
376497
30001
5176
91319
55825
957
25937
407024
2958
3799
10681
58497
10787
2149
406971
8970
122706
116988
3725
11065
645974
10038
55215
10054
2512
1263
1031
9455
6228
53832
6790
38
1500
643834
230
5771
57556
8030
10297
57801
5090
27005
84749
140803
5591
2528
10380
8302
57007
654
3600
22856
3568
7779
22929
55916
441272
277
5905
201633
116519
5886
390167
5143
5190
5641
393046
129685
92745
10
8553
1144
8672
4124
523
156
1262
55048
7044
1675
151636
10347
7102
337
58472
29958
9562
3351
80331
27030
79778
2791
1767
10162
5727
4907
51246
27345
574537
5660
5223
570
8504
80031
120071
7159
390199
8643
55504
578
5406
51728
3598
60481
3821
1964
369
54472
348
57192
7320
7273
10673
407031
8707
83401
286436
54677
101929601
30835
8693
522
653604
151648
3808
285126
127068
150763
27134
27044
93166
1936
7326
64127
2633
23127
283464
7280
990
29940
64343
9577
51804
406887
516
403282
1814
1174
5817
83729
2720
406959
80381
10092
50838
126328
115752
7855
6235
79888
926
6100
51187
11320
341276
185
3588
219873
26683
64983
70
6729
23446
26595
9536
53637
4809
342372
406881
83860
2774
7253
107080638
655
6734
192134
55176
116985
5627
10134
10399
10533
171389
22985
654364
51564
5880
10474
6352
6206
715
10329
1473
406928
10813
80142
9517
26019
55768
1395
10535
140885
1906
8702
383
23291
26272
553
29894
23308
6419
23279
4217
11164
5901
7410
2137
9063
5690
5686
84876
51703
27113
2617
24146
118471
8659
3798
7508
107987478
10747
196385
2940
84444
118460
6303
6667
23365
2354
5538
2130
23550
64065
57492
2566
64077
151449
7407
2739
23111
3779
79611
51121
329
833
693210
1409
1069
1152
407041
114548
2921
9491
10782
100616173
195814
4322
4261
1582
60495
4549
2783
130
55276
6443
406891
392391
59345
8383
57171
948
6891
10490
9815
168620
8654
79541
6092
8787
4082
405753
5500
5218
8835
95
51384
246
54738
10478
7270
6804
5327
63826
100271849
7468
57084
10788
9110
79679
3383
3632
1610
260434
6167
1437
924
2030
10636
50835
5279
5021
29785
10197
672
902
55331
548596
3171
80270
5297
9421
101929876
1349
92552
495
1982
10163
5606
8600
3459
3800
55102
55970
7368
51176
51196
5833
8811
435
64806
5914
1938
1306
3074
4695
9547
6818
6160
159
90952
5625
443
2120
219487
5547
7170
116150
392390
11102
988
4047
51365
3795
81929
1796
79633
1571
26737
56983
683
5494
55586
51284
1000
8464
30846
10528
5364
3780
23179
253782
26354
10021
131405
5284
54579
331
56954
339983
90161
6093
117178
100529097
283111
50831
3306
3111
406917
10565
10282
123263
127124
3446
5198
10199
54464
29949
4494
7226
3543
2203
11277
219482
71
144193
23657
406938
375775
10929
7384
255022
7096
7476
64064
8945
1544
7976
5228
4088
9514
55224
390157
9076
2819
2742
127074
2054
226
58498
3418
4353
57522
463
8036
6159
138804
22798
1447
22989
23646
2060
203
1521
4068
4723
7334
4008
56979
125
113
785
10313
154141
93100
3017
8363
140465
2903
4158
4628
9695
7706
100
8340
5224
122786
4360
57498
8989
65018
79017
56949
85465
64837
9056
6731
135924
10898
81616
409
2273
6181
406988
84617
146754
10383
80326
10312
6502
8354
10563
8411
1001
2954
285362
1241
338398
23436
4074
26088
25949
1119
6199
83706
64926
2224
2965
1128
3802
1891
56474
9080
9429
4613
1616
406980
340273
9807
5869
5096
8663
5167
8863
83547
5173
23019
165829
10413
55168
80233
219428
5745
130075
7390
4791
8844
256471
57551
3105
925
1329
5196
283092
338382
6928
8705
54910
145173
9555
8498
5601
2639
24148
1612
8331
90353
26037
391189
64786
10316
23439
2549
55326
3178
22978
53407
5558
1278
10013
2591
80198
90665
527
6205
9047
5318
26503
7414
197342
3442
5980
9690
197259
91862
732
8714
10998
2875
4437
7915
79720
661
4719
23396
29883
64282
283365
6441
345456
9636
477
79767
390083
2571
6369
1410
8723
81341
283209
23527
10671
2150
5028
8086
7139
830
8131
26211
84991
1499
406901
5298
23556
901
1536
26061
4598
5872
4564
6364
112755
2246
2959
390084
9266
4515
1439
2915
9241
10368
79726
8879
6234
11255
3620
26229
283162
5649
10605
9127
55788
5699
10947
9342
123688
7225
51274
10039
81697
10766
5423
1350
7456
7919
347468
53918
406913
5431
2740
100532726
6464
8731
22841
33
8843
79646
124995
90293
27090
51602
6154
6713
138881
8560
84219
956
3627
7251
79178
4005
100532731
10094
731
7517
80271
1140
4717
29851
84105
6582
5563
23478
10392
100529063
2880
2342
7097
10171
51302
7283
5737
2243
7012
58191
6091
26827
2078
79981
4624
1739
2520
84464
8797
30845
931
153
9986
1129
3313
8341
10333
51024
161
7171
406890
3716
3423
6203
138882
81849
246184
6428
338674
81035
54543
2626
7404
415117
9927
6822
80301
2028
2582
3949
28973
407044
4211
6173
107
10554
27316
55284
51256
5883
6648
54106
121364
10950
401994
50613
4843
3908
270
57016
3248
6839
1073
5684
1445
26534
257202
5256
407008
3836
8741
5422
282616
2563
1311
9184
9453
8440
64223
8487
4772
81327
10735
20
4125
132660
23007
79345
10791
7058
51626
2773
5172
4299
574484
10484
23786
221
947
55437
3709
9722
7291
9820
287
721
4573
762
29904
2550
84002
5330
6191
90993
10400
4713
89801
1630
8001
5600
6521
961
729230
10992
5705
2847
55004
494115
11337
4832
1583
4094
821
285
83933
4715
27074
10209
162417
117247
91807
504189
7422
2525
5142
6118
79473
4493
51347
26275
2821
5577
2832
83740
23025
7363
6011
1281
105369239
148581
259293
597
8387
4879
5328
2005
646625
100506012
4514
119679
6875
4829
282770
6756
80824
6745
9162
1289
780851
126374
10945
222537
8648
6457
154064
8540
124404
402135
2961
55278
8668
3920
2134
1786
283694
36
3687
3460
5717
5210
7074
6340
27127
7516
1477
4166
53842
22928
6445
96459
10020
22849
5441
2743
6009
2168
2590
29915
5894
7249
2103
64211
163702
10427
64116
55964
3382
54963
29922
10965
4793
10250
6750
51227
6136
2642
10509
2559
8650
2358
1495
2091
4174
55226
3482
6405
3020
23165
3706
8992
53981
4938
7172
1317
8674
6567
4325
5155
389541
348158
6344
3303
63916
2892
4194
23373
7490
8837
2593
55288
7272
2806
5440
91653
9402
3611
9968
3075
119682
23604
51143
259197
128360
23096
390078
10846
8642
1979
3572
5501
5506
2918
6342
318
680
5340
6504
406908
40
64581
5747
196513
3439
138429
93589
407015
25942
1520
57038
81624
1357
11221
116285
10734
389015
4651
257194
59067
509
9135
1874
219988
64902
474381
4579
2952
4221
6295
9442
83852
5162
11021
55801
57449
11059
57153
27242
79603
7412
475
55301
59277
3679
51164
5618
6335
515
1856
551
119678
11060
29108
9618
138799
9973
6480
140609
2689
11136
406976
23401
4602
54407
3567
3308
57132
79001
85358
3265
993
29780
54675
53947
4899
55850
9744
5199
4586
2797
26333
407020
4780
6597
3809
970
9373
5515
4342
3458
79799
153562
50700
5478
56000
5825
3560
8664
5981
442194
2255
1636
2327
391107
438
7879
6788
246721
131
135250
6581
92335
5305
3909
9423
219874
5706
8405
9978
57486
1387
8767
345
6416
280
9560
2949
1806
259285
51179
6423
6209
8463
1173
219429
3073
6591
3693
79748
37
6134
6573
1613
25898
9123
23286
11027
1472
7035
10075
5897
390892
390064
1244
64393
387712
23191
26301
474382
1622
23239
2744
10419
26285
5034
138199
5408
8743
6506
4547
51069
8085
64324
2895
779
2181
471
80380
6921
1385
1232
23225
219952
2752
84108
7799
11154
10718
3613
1522
6483
22916
50832
283871
54965
11332
26993
155
6487
1470
403239
51005
286362
3827
3835
10109
4303
374659
6654
381
126
5822
7923
4091
27436
79147
7137
27250
6010
8908
5033
6774
4066
55742
377841
8887
11051
8289
2946
3680
27019
23216
10524
84962
6708
10507
2048
3373
5634
1514
7409
22954
10317
5338
953
50834
2810
728689
1947
2879
538
1394
6738
50649
10093
51434
23385
3118
3939
3062
3312
60490
183
3810
5093
142
440153
9296
54468
6095
9448
6120
50487
267
2592
115653
390264
6130
2784
1781
1581
254783
1453
10690
5861
79501
6357
3420
10229
11124
205
7323
2877
3973
5792
1108
7316
9669
162998
79833
2950
58478
9486
3250
10623
50836
56670
113026
132789
4161
390066
7311
5609
330
9966
2161
9306
8974
100507436
406967
2194
11069
10799
10666
222546
5272
10870
6272
780853
5150
10342
19
6870
8361
7057
7341
407035
10858
8607
2010
1438
1870
324
4495
50484
406900
10715
154810
27087
439996
9038
11218
1785
8737
130340
6197
7059
442910
113612
406909
4311
5025
9376
7403
4617
29119
1843
56922
2121
113878
8916
5644
4318
6182
5244
4193
5287
4046
51534
8773
406942
28514
100861540
8625
4092
51094
60
9530
83734
5834
4056
8911
9616
1493
8542
6615
53944
122011
653857
3421
1271
1735
6207
2239
6693
100169761
23414
81472
65008
6390
7374
1948
6396
1741
51367
10577
8826
2908
284098
8351
4677
3594
1457
8644
51129
55040
85479
51077
6372
2916
10686
199857
10758
6367
83732
6385
91734
407014
1080
23451
10993
8833
375790
606495
9739
4036
79143
3953
9133
8722
665
8862
79168
23457
6023
1459
5188
94030
22794
407009
4361
2034
56261
5978
51809
406904
10552
441670
6210
4137
996
1407
6604
9861
147700
100506658
6363
119391
326625
9839
493869
8764
5024
4077
5695
64841
653509
144245
6218
5568
7385
1036
5163
859
219479
9655
1137
657
9061
645745
5193
720
3434
79586
861
9037
22926
390190
89869
2641
8471
3578
79869
1025
1272
27086
727837
8388
390036
9377
838
574473
1468
7533
219865
4987
5818
84168
669
406956
6510
4296
9348
2948
81466
51699
6868
116255
121278
124538
3759
653361
55808
4929
196335
730
27334
891
6425
9232
10438
1002
2050
22925
55353
10606
50614
4179
354
6184
6794
407040
51604
9108
4550
4905
1794
2051
83452
3605
55454
10266
119765
5688
8789
2494
2052
6354
4569
5106
390195
6227
5554
353
2244
57292
129401
136
6337
390152
92597
8890
790
116987
29997
710
81570
81876
6347
407010
6494
55613
406983
55737
6403
100526767
57379
131890
1301
10855
1072
50837
54511
3315
4553
8350
728340
686
55630
64398
100528030
23175
9051
1737
65110
11264
8503
733
219870
284541
5631
6301
10285
150094
116931
51726
6628
6572
7064
102724652
7415
80267
5371
51082
5137
225
3952
51010
4988
6817
90423
9586
645
2869
10850
22
3030
149461
6844
2099
23350
2786
6935
2289
5175
92483
7453
86
3150
6259
2215
84188
5213
100533105
56848
23493
8310
6579
816
5624
8801
3126
60682
8408
8740
1824
84818
155382
5732
7094
5645
10135
501
1101
51512
23678
51495
10369
11041
390113
64805
441925
26692
10228
4697
978
84957
2938
6709
2189
10015
2766
112817
81300
10512
23325
174
8451
84769
64241
83464
133121
115361
10018
100169754
94274
2241
338821
80143
10941
23743
8626
5395
6455
1345
3054
121275
29760
127
58508
10961
8356
4690
54566
9626
5536
7167
3596
84440
79295
56413
5468
26872
8369
256435
9368
10213
382
285955
56953
3001
5424
1733
1337
889
100169768
7048
2043
1207
23418
89941
5994
3476
3785
6540
6843
6517
7005
6477
54913
3661
1352
94033
8362
100132285
1654
390181
213
23632
5460
78989
6846
51067
1606
4635
23192
11108
6627
84076
10670
11346
56894
11325
55432
7084
7480
7473
1635
4069
5985
23305
4852
5976
406969
3115
120776
9955
64422
5599
658
51181
1588
1109
283093
6518
5607
2547
11282
2049
3093
23475
729597
5073
1965
4637
6610
84699
9615
4035
23380
3581
4067
84265
51081
5050
1136
8294
51032
158131
23062
257397
5582
3558
7143
54947
216
8985
8692
200909
29881
11052
4329
840
55567
348180
23237
5156
4210
26100
124454
5795
256076
57134
1736
100528032
2268
3375
7166
348995
441933
7846
22872
8678
126541
5170
4688
7100
1832
57030
102724560
25804
406982
84172
9033
2820
9532
10288
119687
7276
80310
6155
23761
1138
240
7158
5077
5133
1962
26696
414062
84448
2068
403278
6720
55757
6019
1603
390326
6926
4724
23236
55752
604
100169765
2065
6605
1203
80168
6901
1147
119548
9879
55256
3676
390271
4313
335
944
7372
2548
7128
1237
53358
8938
1233
4756
6424
80319
1286
2912
10477
1594
4917
763
79784
1435
6929
462
5863
5890
6232
1740
4537
285190
30837
3655
574476
4489
7430
4558
1120
7791
84309
5288
3767
80017
6402
177
6404
8760
917
64682
6476
57555
1811
2122
160851
6898
51449
999
100132463
2256
90249
5584
7512
22999
3782
1903
890
4337
1759
9113
84441
1615
170506
23057
84254
1159
84364
26119
85007
6346
494324
64321
2920
6279
51119
5924
2290
92935
2072
54539
4496
7134
23511
51552
4909
5569
4126
493
131873
6655
6726
3290
3172
8883
322
259294
6484
2688
9883
5529
3385
4681
6811
3811
4173
708
5308
56886
317772
65220
5909
147111
79092
8334
248
390648
8569
9409
8399
347169
6523
1756
29072
23395
288
390327
4691
51733
6383
10762
7023
2560
6692
6319
10919
130589
6753
5161
3002
139760
23293
389692
5372
6097
1968
83943
51167
778
23547
8372
340529
6452
8972
138716
1213
64919
101930111
64218
57761
7932
6652
6529
5467
1969
3156
5269
2852
56001
4051
2527
9519
9693
9475
3426
127281
51690
219965
54429
57452
23431
4848
23362
8631
140838
10022
64963
1841
150084
7173
9564
9825
23283
407042
5777
5922
7039
223
2683
81631
1959
50632
6356
3824
8675
5630
133686
57105
7483
7478
22827
5063
3612
401993
9844
64965
23160
51393
9487
81050
169355
3329
9415
2395
91750
406894
7321
160428
6175
6426
51601
55851
84134
8574
5973
10189
6222
9229
55651
1026
203068
5710
832
9630
90390
8330
9984
80230
2538
4286
59284
8554
10641
2213
26271
390445
1015
4099
2321
53828
191
54433
5798
5092
339221
735
5516
8431
2987
3099
22943
64101
51510
56920
9826
3162
2597
4575
54960
5081
259290
5535
10437
1755
10007
54363
574461
9540
10273
3157
51802
2002
6256
4594
2353
5053
64816
135941
26533
1543
729020
8525
132014
5836
23462
2567
5805
57571
5315
7067
9527
6915
1944
4712
6230
5268
349565
144165
80854
290
1441
83667
2135
10332
10136
79966
51727
1770
5321
51701
219473
23566
53630
79590
5292
6323
7324
4720
29110
23205
5590
441273
26508
7874
100169757
8529
2145
90865
5094
6442
1607
220988
4143
122618
1284
619552
39
10625
10059
51021
3516
54583
904
1608
9134
333932
26986
29775
3816
4882
390037
4908
219959
1398
10326
6013
2817
100996758
92344
4363
599
24145
129607
26189
4799
93643
7043
286204
57176
50848
8313
8335
8517
928
5925
29107
4000
3091
51816
4300
466
5054
64895
247
55696
6727
10114
4277
4700
1374
2348
2969
3587
9140
343563
817
50616
29093
10105
7408
127623
5966
80329
8871
122042
1496
196403
2184
6183
3428
6201
137970
249
637
6429
23644
1589
8353
51340
406923
26086
1978
8480
63923
140801
1347
27198
5692
1633
54961
5896
387748
6170
5728
54
56479
3039
842
57506
121504
100133941
2919
4735
1601
54981
50814
26232
26121
22801
3399
56832
23163
7941
5610
7378
91584
1181
5542
63917
79317
5189
51433
143503
5095
79695
406912
9672
7046
356
5565
8666
8622
100169763
2811
157855
9794
9414
9107
6240
27338
9454
79659
22909
51318
5702
9963
9087
2696
7066
10859
8443
9971
11145
780852
3651
8850
84920
9060
7979
22871
51206
6916
282618
123041
6768
1211
10423
225689
1942
353164
3205
406989
7054
5899
125958
84447
9287
6121
57107
9175
4012
5604
206358
2214
3735
23094
364
4160
255631
9075
55626
728635
440138
1901
7295
26188
51160
132430
29941
5979
3445
730394
8924
100169753
390059
246243
23370
4686
9054
10026
1132
219983
23433
489
22941
1191
15
1292
1380
8851
6799
427
716
9416
391109
2248
1673
5334
1340
55191
1639
8905
3625
9533
2902
729920
3018
2983
50944
6633
338
1293
81442
10286
64326
91860
4864
105369274
11047
3123
7419
6133
6715
595
79861
6820
4627
8896
3145
3448
4747
3688
4953
2736
5169
84516
407055
27429
55666
51382
84313
51422
10299
406985
11026
9180
8718
57118
79310
673
3635
58510
362
3110
51655
57644
50615
219875
126961
5048
83700
85414
4090
5049
25873
11226
127059
468
84790
85366
92
2923
84284
5874
8323
29925
1297
4940
1141
801
79735
2288
3765
8893
3705
1604
7367
9901
2357
2735
1592
6949
5555
9104
8807
10062
23562
4993
765
5119
5993
2564
4214
8867
3359
1509
8360
2792
5009
1154
6338
253314
55829
1388
1749
55766
10560
10588
58528
96764
7027
116984
11326
390155
406955
26338
3422
25791
494335
51073
26286
50839
3242
55500
3601
407047
6888
9897
8647
81607
2332
7421
166824
1513
6892
3606
706
4535
276
6187
3595
390433
2939
4792
2911
56267
9829
2166
55229
25766
359
9340
55367
4540
50943
2741
160
57472
81537
55163
2782
1791
1020
260293
3125
4488
627
94160
9267
64240
4973
54798
6514
6469
373156
5462
79587
30011
9572
2155
6908
10599
127069
27010
57121
7547
6192
49861
143496
53833
6198
254786
4758
200895
10152
100532736
1535
57502
22953
26648
4736
162514
3362
26212
79444
2998
6547
823
1946
16
9447
80223
6882
873
9924
93034
1282
1840
952
10723
221955
1506
378708
254973
390191
6147
8437
55312
123876
9343
100101267
3067
4854
7869
10912
64600
10057
199713
1462
26007
390429
2913
57835
4502
3451
81309
1312
2359
2266
3012
2897
132884
343406
218
347733
50507
260425
144715
25796
8854
245973
2893
6258
115
2042
293
80712
57510
1454
9369
1731
81578
440738
387082
4578
256892
255043
9379
51295
8611
4853
4123
140679
10803
84552
55534
387893
84620
4176
1975
112401
79897
63875
9575
344807
50
2635
3689
47
2257
112936
8531
5881
3990
3694
910
4931
64979
857
187
9488
6793
9915
55217
1777
64409
57599
54577
282763
100529239
5527
10627
390081
10319
10500
55914
10239
5051
4881
57521
5898
2694
5211
284004
9675
10888
23498
4716
1557
30012
2790
23600
51478
219438
8884
23405
441024
5683
29929
6624
3122
54822
9039
100169755
10289
151
54776
10720
6635
5144
55753
5694
4282
219960
8318
648
145226
4923
140032
316
5781
407049
8792
406896
10450
5704
3092
41
9524
4851
868
143630
3087
30009
5140
6760
905
2890
911
504190
974
403274
784
390162
4025
396
9420
10140
151531
1540
3014
219927
2153
57715
11127
942
51144
343
1032
997
4357
9294
55062
51738
22885
6532
89846
9170
2067
572
4583
64784
221613
1261
223117
1846
283748
3064
113675
406889
11231
51085
6150
6696
7124
5685
401992
6541
8913
3035
5557
79544
5020
79053
128366
574455
10797
51
2
529
147179
23560
786
8799
8995
117248
3981
8969
92912
22854
6677
85320
123099
1738
7465
7703
3381
51720
27190
3712
11222
50617
81579
8295
701
56302
5243
319100
80315
29850
4887
79008
9125
26851
51135
4144
25788
406907
11009
79065
930
9023
3984
7345
2778
5018
60485
4281
8349
3309
79944
221178
25824
9651
8115
5906
211
6622
7148
6185
143
7318
3559
2252
2581
7083
8671
27123
4199
1019
219436
11040
51616
3929
10398
94235
2530
358
664
54512
5426
109
414328
3015
406933
5948
197258
10905
2737
29117
279
55361
4543
1066
594855
5519
4225
3033
9091
221823
253430
51744
55568
80343
1723
8698
10501
50808
442590
200576
338662
8526
5151
51366
26281
79923
34
11019
51091
2318
51477
55870
65003
3276
284521
442890
1729
55821
9863
25847
401666
9862
239
10376
5871
1487
10284
5335
3358
137964
196
23586
3291
6193
55671
81858
50604
51700
100506742
55072
6376
4860
9223
51289
3158
7454
27115
57552
8435
87178
6349
5528
1013
3646
2944
403273
2173
8288
119692
8484
29934
25885
80328
1668
10873
390061
406979
283189
10573
58494
9619
860
114
253260
10505
390201
6636
874
153090
152138
2160
84938
5197
4170
375
2769
332
118672
79671
10023
219432
9103
653
5562
126792
390093
90427
8110
8915
8140
2242
2152
4689
8794
64850
2978
219981
22900
5277
1524
9771
6431
162
125061
51561
51548
204962
79077
219956
29982
6138
6612
10798
8667
113457
4914
274
51691
2261
79324
7113
5696
81318
7477
407051
29101
5217
6732
29896
217
2697
341416
6263
126129
6752
10257
9086
9926
11227
81691
1053
4536
79290
4773
7114
7292
1452
175
6757
1201
4048
51585
8708
867
2053
157506
3932
2209
7450
55127
943
114769
795
23759
1291
4283
9855
3350
26047
8392
2565
338442
4625
27243
60436
1365
5226
4501
521
1361
5209
1857
2909
4855
2937
255967
1579
85235
54567
8697
2887
137075
406948
26
29088
11000
6885
120586
1029
2619
442891
56656
5746
1351
3280
10269
5879
2960
4916
5533
368
6945
102800317
4323
55669
3992
9349
4722
29895
3376
991
548593
4775
11285
10970
9410
2324
580
4762
81282
8836
340061
6546
2846
347688
5662
5734
6697
6202
125963
2253
1017
5432
5008
29126
3993
55998
28972
56913
51471
9846
8021
2781
51412
259296
23085
30844
164
26659
5436
7205
9627
2837
122809
4567
79901
5546
27102
4216
5531
3906
10459
864
6355
55339
65263
65109
5464
3269
84197
28987
54872
23590
517
5889
157
10952
8527
2542
7029
23235
6237
3021
1260
5708
8800
10262
119774
1585
3029
23500
1027
26682
441669
2941
6511
59343
81889
406970
90
254122
914
10371
9093
441308
341392
4254
8633
51060
85480
58517
22863
130367
100169751
1629
440073
493911
11105
5361
8277
160287
624
72
84787
2158
57216
467
29935
102723555
79837
6048
6382
6789
120775
79058
1142
8649
154
57620
5216
5469
55512
412
2260
406905
118813
11031
2770
84128
2526
10580
64145
6772
328
2169
2045
10938
54413
5970
941
1632
5837
2026
4684
5010
80010
128239
6754
390144
84693
28956
1478
224
7360
4714
6233
117
8744
6646
4992
887
2113
5443
5290
2539
6810
836
1977
105379861
6328
151903
5194
9821
23020
810
80704
5111
23513
50937
3751
2531
391
2329
3481
23553
602
407007
1510
898
3630
594
9553
3419
284
8877
7481
5300
9759
102723996
27244
9470
51056
57680
64969
153527
10110
79760
549
84142
966
7188
26496
10019
7353
2966
7314
567
129642
1649
8454
574031
6446
7534
7184
10170
6599
5621
81873
9253
56998
717
3727
4698
112849
7278
100169767
102723407
3838
5473
2717
9092
8193
8612
3718
1816
2044
4985
7319
9706
59
79071
1915
4209
2305
192111
847
130399
5055
5730
3763
81888
8742
3804
10963
491
138474
81470
1103
51529
6718
27092
7357
390649
23411
10728
2041
55845
4804
8876
6845
7433
5465
808
63931
51268
26290
9992
4846
6362
6583
9785
2271
22821
1803
5153
8337
2264
2872
8338
64215
539
3170
5052
390075
51735
54344
55236
84992
8907
3371
4298
8065
54884
2557
440689
5803
4696
6401
1512
3988
79723
6422
398
7298
498
5145
346525
6141
6570
8894
406884
139804
8824
9474
137492
22908
10682
6606
29906
55272
3776
29968
3772
5567
4659
284716
7332
1139
119764
89845
5333
22808
5105
28227
10564
55811
91445
387
3300
123745
6132
79814
29992
221357
3670
55660
5320
55014
7852
8357
55616
390054
6448
23193
481
1158
256144
4605
81061
55813
2780
9027
56923
596
1609
6869
55670
4831
3805
1360
8339
1778
1798
54948
5373
116028
3107
5573
6877
6554
6124
27097
10808
8449
9128
7514
64137
60482
2870
1118
3163
1844
3416
343169
53354
6613
6722
340156
2047
5788
10200
23710
377
4683
5867
29954
10249
4597
6586
9723
28965
145957
2182
283159
805
4986
143502
1950
259292
2634
214
93
4577
26693
10497
6890
80896
8976
8556
57154
768
5332
9459
10678
4708
25805
5972
2779
5691
643847
201625
105369247
56924
23438
374654
55515
54552
2992
6195
534
261729
26532
10351
9252
259230
699
23456
5997
7867
284433
5534
27306
3675
5689
200931
3998
2595
134083
93343
6144
7099
4671
55879
55697
10000
1991
6730
8509
5058
391112
3758
92960
11181
7380
11128
6595
7365
128372
10476
54904
6609
4287
8453
84706
3937
84557
3778
8793
5687
3305
6637
1769
4734
5080
8942
5934
6934
6948
11283
1595
4731
4159
4257
3685
6389
7277
7201
1605
10775
374291
2686
6296
2731
246213
6809
407043
6168
27034
27434
5923
51013
2695
83737
84433
7168
9541
9334
3764
1469
94005
51373
390321
8390
4800
57104
23265
25834
102157402
5313
3316
2833
9320
1236
353376
4041
5868
27094
2554
102724428
4121
10460
894
4701
9791
9177
1742
64170
1212
5091
613
146664
120227
5962
22877
407026
10921
55054
85236
9246
55577
10468
210
127550
154807
7060
4862
114907
2254
83447
3134
2867
1945
2643
8450
2046
4897
79365
8761
10810
406883
955
5045
1028
120796
57122
3753
945
11313
3659
26330
7424
390063
2172
535
441911
5430
1358
148789
142827
3773
115650
6208
2115
92359
8771
445
4741
834
3071
2932
10907
25978
1298
8733
1869
50807
80339
2339
5598
64419
55578
4478
1548
10010
219464
1366
7019
6642
10990
399694
407029
50840
7442
5617
8345
23607
117157
390877
401427
3579
3164
776
406892
1488
4889
6229
4128
6777
8324
4129
148
5138
575
84539
80781
4338
919
64764
406997
390275
10772
199746
8520
1829
4089
4522
10336
581
100534599
9939
6143
8342
169044
6629
8439
51363
23461
134111
2760
10557
102725035
6500
773
7082
9611
3337
3845
57172
390323
23636
6742
506
7052
10802
120065
3728
3467
10454
8661
56903
5831
64960
55746
3183
29945
2569
2979
113451
3663
554
113189
54460
367
1503
343173
7076
998
103910
355
7307
3913
5159
4622
5827
407025
3562
54988
8651
100996746
4149
84245
8685
4534
4968
57403
23620
3645
23186
10556
9894
81671
3945
2245
8823
3082
6135
144125
93129
23471
3441
170712
8325
23157
2114
10211
29079
1399
10352
272
9551
10913
79643
55157
219469
8817
9688
2193
208
79228
548644
29924
4247
6375
6728
26056
135946
102
84321
11200
79947
9372
10096
2898
55584
6318
53349
10231
2197
10325
3710
6249
134
56475
2533
27183
5778
51065
909
712
406
84153
127064
6741
6169
8986
100310812
7389
5191
406906
64750
219699
2131
154796
100528021
81539
5291
3918
6783
23495
1303
83549
5502
4350
3822
10090
6139
10434
59283
122740
353500
51555
6833
79602
64802
3732
23324
158983
4242
10298
51371
3820
5214
54626
9479
64798
26227
3304
5524
2882
8482
9282
65083
55247
1378
1757
219954
9436
100302238
7479
3803
9353
4711
84971
406981
51652
4615
3628
783
2904
1896
3672
10267
152586
25929
10885
143471
9900
3972
10594
8386
2151
9344
513
3577
55558
719
2517
286826
10125
53371
116
54361
1808
1994
2529
338751
3347
23659
4572
3452
27101
50964
219484
9922
442184
3674
22824
7328
3786
84000
8559
126370
4292
81399
219957
8312
27018
392309
1269
3996
340665
151056
101930123
60528
2793
8315
128368
4994
54480
222236
8546
135
3174
8639
282617
4141
5078
390992
913
9957
6392
7471
26279
204851
8701
9074
6748
2492
5521
2355
1134
8174
63893
5693
490
286530
339896
123283
50940
84513
283927
51004
3656
27035
5828
2021
10379
22845
51807
29086
2862
3726
50515
29796
1353
406911
2953
8358
8818
51808
5411
2033
6387
574457
3614
112744
5001
50511
10714
8729
29082
921
2868
11035
10159
8632
26260
54941
51102
2653
51362
283455
8703
2746
4544
2475
9071
6432
259286
9871
51588
29926
1875
2147
30
3817
3703
6927
9020
9126
6786
2899
25956
8290
10999
7350
55034
2650
5983
9088
123264
26248
26259
1847
122970
1665
55341
54657
6164
5433
80349
10826
5230
8359
57804
4258
10382
433
407046
4512
91012
196051
8218
479
57142
8829
57568
11017
3910
51311
51719
10928
57053
1195
2237
9801
482
23464
533
2159
8930
23654
11345
10616
9554
390436
1003
7317
2058
5139
9563
11100
1593
5603
7991
146956
4233
7037
5713
3783
10569
10991
7223
6755
163688
643
9681
64131
2963
1949
125965
60401
729238
89953
9380
26052
55110
405
5042
22987
7373
3195
11185
442186
10161
7388
84916
29979
2719
407016
2815
766
8820
285220
6907
11224
4842
3831
9489
100169758
8027
403284
10841
84844
3980
829
2322
390883
79109
2274
25865
10063
98
4191
5345
659
6317
251
5908
200959
407018
84628
1717
1504
2957
4259
820
254879
149233
57679
5351
26084
5352
3714
64840
10891
3364
8912
5409
445329
273
7371
1716
55650
9468
219986
4718
23352
4490
51378
6884
1780
245711
64087
6531
6657
2678
64132
80153
2986
115111
8875
3339
4297
51019
81030
26035
134864
120793
4982
573
57819
23067
3013
23530
10622
29927
64109
1375
84674
105369236
117579
5425
360
6897
4538
3141
50506
1176
116444
84867
2277
7849
4802
85477
8646
84950
23474
912
4563
6611
7224
5273
2335
54831
55703
53829
1727
5281
64834
406882
196528
1111
1081
23195
5740
4023
10744
51100
2984
10053
9985
2648
4571
9040
115004
5982
1489
406991
10130
55615
900
8803
5770
23221
5148
5141
27189
5013
1559
2495
4621
406937
58533
392392
131450
390431
4616
8766
4702
6348
6520
4824
25981
55781
6512
4565
51639
271
84152
7431
5757
8031
5437
25973
1479
22861
9370
10365
90701
6326
2017
7175
55958
388646
4825
127066
7405
7322
102724788
9612
135152
56898
23533
6157
574452
27121
112950
64446
1146
125962
2994
79621
5864
4891
29978
387778
201562
8613
9254
4763
5499
2056
219982
219431
100526739
3823
201254
1390
10483
11238
11194
347168
5648
219869
1576
7423
5885
80222
83660
23432
5019
5160
777
25825
22901
3397
1339
9
219858
10864
23509
30814
283106
64374
65005
114609
10915
5365
4049
923
525
8473
3400
390916
4086
622
139189
9709
440093
10201
406953
1355
2771
23640
5207
100271927
219447
64332
1956
6176
2906
5356
406950
641371
1359
4085
140886
23521
1040
6361
4358
8660
56915
3597
6779
51009
54490
7030
171558
55624
2319
1299
11157
403277
55505
440
10637
346562
3983
390174
113278
2346
4218
8343
9882
2829
55501
27430
26716
89853
6359
181
5824
84735
2488
10901
122622
268
32
5434
119772
6626
222545
27175
8874
5551
8673
57144
55740
8347
147
9748
83756
3274
2316
3394
5592
7133
406986
2968
3284
1519
6158
79087
2822
1852
56605
10555
25974
10717
3355
54498
4710
7264
84890
896
55070
3301
53
8861
54926
401665
9101
4440
100169762
51684
10558
80736
4122
9958
2859
90673
7515
26492
1565
2962
55131
3133
940
1436
11015
390538
5530
10645
552
3354
1621
1634
146850
84720
65010
5893
815
10411
929
6850
48
341568
51251
8458
10926
949
400966
79660
3563
6165
87
390748
83937
5566
656
4838
4607
11014
1270
64768
5731
9798
132
51324
8120
23658
4436
79631
5900
57448
388372
6723
6879
9899
442904
3683
343172
693200
1356
2171
215
5286
1553
8878
3551
23262
7417
2259
4060
29882
51074
4245
6643
7056
8608
338755
1163
390067
4893
9570
2997
55902
3135
1234
2165
3912
22934
3691
6872
5027
27068
3593
2990
9765
28964
1839
390142
7381
406918
85417
2651
8842
93408
5023
2889
8813
406925
26873
219453
390168
6152
727936
747
406916
5698
3444
2212
2308
3417
4352
8925
51692
4821
346528
3098
30061
83544
1490
10946
2935
23683
118424
54995
54457
1371
54658
115019
55556
3574
27040
7802
6507
5026
92856
81448
1021
3702
158
442191
84274
23295
954
124
93432
4142
9538
6821
1813
6603
28234
6358
7327
94241
201595
284383
51619
8739
8519
406893
3925
2205
79054
10393
1511
163
494551
81328
390439
122481
23220
6513
27124
407048
6456
154197
7416
80146
30815
392376
406996
8706
2583
3267
3673
23529
10277
3921
5195
4670
8776
1807
995
56477
6189
2826
5859
4171
116512
55529
84803
9663
83440
51272
406885
4629
391192
3109
7520
339302
644672
5575
23130
8735
56994
118429
2204
79813
242
8655
723790
57678
5787
8645
407045
57580
9476
3043
10195
1827
6262
10005
2861
7186
8841
2263
5329
9167
1909
3340
3704
6625
11140
390058
2249
10055
1175
9466
9265
51520
64579
50628
3000
58476
3720
100506248
6538
245972
100505767
114805
800
843
3113
197322
390197
6580
7466
79709
1051
2534
65264
26245
79840
3938
9132
8491
6470
55907
4776
390038
116443
5236
6224
28960
6746
862
58484
8900
10157
259295
64506
6482
25904
9446
406903
3592
6117
138803
3084
1515
3425
170572
51645
339403
8892
27091
6558
79132
81099
2330
23542
406957
336
84305
4878
54209
5797
5265
6880
9002
292
2519
57461
406949
80336
23118
8775
403253
84249
132864
79868
1384
10449
51776
25759
4706
3447
6522
346517
55904
5520
8790
959
79731
9374
6598
166378
79885
5029
26341
406910
2690
391191
152
693187
26224
2629
56681
441639
92421
2064
23673
100132074
6374
6125
63036
114112
939
5261
442903
2891
6241
8417
6873
51763
182
220441
10978
2167
27130
8677
837
10540
7157
5724
5921
9732
6156
5663
528
3678
84186
79369
134526
3295
55748
10621
5350
5579
84193
11260
5829
81696
3977
58511
3066
171568
1718
5275
93010
259289
23624
2066
1268
128371
2947
64900
2027
994
3770
4351
5257
140739
196883
1572
81567
81617
326
11317
10479
116379
10274
132158
5723
2905
51263
23389
5932
8638
84618
407032
135948
5682
5862
1075
9337
8091
389898
26538
81605
9129
391013
7398
4576
9341
644
10207
23480
7474
7434
10815
7015
1145
8515
9197
2272
7532
8940
8683
29984
8322
89910
6632
10603
3061
4707
10243
79661
10654
128312
56624
1215
2162
10126
361
9156
2729
26985
3624
390442
1300
55119
27159
6188
54187
8881
115201
8513
1555
440567
4759
5729
9601
2588
27128
7294
2023
8061
5222
5596
5062
100526760
4927
91662
3356
9641
3684
128
2799
390260
1645
200916
4541
11315
2057
6601
2925
124044
4570
1208
255027
148022
6360
718
29761
5187
154664
3292
4609
340485
10587
54575
402317
81027
488
55790
340024
